id,name,age,gender,phone,doctorId,wardId,bedNo
1,赵雷1,18,男,13900000001,1,1,1
2,钱静2,19,女,13900000002,2,2,1
3,孙娜3,20,男,13900000003,3,3,1
4,李婷4,21,女,13900000004,4,4,1
5,周晨5,22,男,13900000005,5,5,1
6,吴欣6,23,女,13900000006,6,1,2
7,郑辉7,24,男,13900000007,7,2,2
8,王敏1,25,女,13900000008,8,3,2
9,冯强2,26,男,13900000009,9,4,2
10,陈军3,27,女,13900000010,10,5,2
11,褚磊4,28,男,13900000011,11,1,3
12,卫雪5,29,女,13900000012,12,2,3
13,蒋博6,30,男,13900000013,13,3,3
14,沈倩7,31,女,13900000014,14,4,3
15,韩华1,32,男,13900000015,15,5,3
16,杨芳2,33,女,13900000016,16,1,4
17,朱洋3,34,男,13900000017,17,2,4
18,秦洁4,35,女,13900000018,18,3,4
19,尤凯5,36,男,13900000019,19,4,4
20,许莹6,37,女,13900000020,20,5,4
21,赵雷7,38,男,13900000021,1,1,5
22,钱静1,39,女,13900000022,2,2,5
23,孙娜2,40,男,13900000023,3,3,5
24,李婷3,41,女,13900000024,4,4,5
25,周晨4,42,男,13900000025,5,5,5
26,吴欣5,43,女,13900000026,6,1,6
27,郑辉6,44,男,13900000027,7,2,6
28,王敏7,45,女,13900000028,8,3,6
29,冯强1,46,男,13900000029,9,4,6
30,陈军2,47,女,13900000030,10,5,6
31,褚磊3,48,男,13900000031,11,1,7
32,卫雪4,49,女,13900000032,12,2,7
33,蒋博5,50,男,13900000033,13,3,7
34,沈倩6,51,女,13900000034,14,4,7
35,韩华7,52,男,13900000035,15,5,7
36,杨芳1,53,女,13900000036,16,0,0
37,朱洋2,54,男,13900000037,17,0,0
38,秦洁3,55,女,13900000038,18,0,0
39,尤凯4,56,男,13900000039,19,0,0
40,许莹5,57,女,13900000040,20,0,0
41,赵雷6,58,男,13900000041,1,0,0
42,钱静7,59,女,13900000042,2,0,0
43,孙娜1,60,男,13900000043,3,0,0
44,李婷2,61,女,13900000044,4,0,0
45,周晨3,62,男,13900000045,5,0,0
46,吴欣4,63,女,13900000046,6,0,0
47,郑辉5,64,男,13900000047,7,0,0
48,王敏6,65,女,13900000048,8,0,0
49,冯强7,66,男,13900000049,9,0,0
50,陈军1,67,女,13900000050,10,0,0
51,褚磊2,68,男,13900000051,11,0,0
52,卫雪3,69,女,13900000052,12,0,0
53,蒋博4,70,男,13900000053,13,0,0
54,沈倩5,71,女,13900000054,14,0,0
55,韩华6,72,男,13900000055,15,0,0
56,杨芳7,73,女,13900000056,16,0,0
57,朱洋1,74,男,13900000057,17,0,0
58,秦洁2,75,女,13900000058,18,0,0
59,尤凯3,76,男,13900000059,19,0,0
60,许莹4,77,女,13900000060,20,0,0
61,赵雷5,78,男,13900000061,1,0,0
62,钱静6,79,女,13900000062,2,0,0
63,孙娜7,80,男,13900000063,3,0,0
64,李婷1,18,女,13900000064,4,0,0
65,周晨2,19,男,13900000065,5,0,0
66,吴欣3,20,女,13900000066,6,0,0
67,郑辉4,21,男,13900000067,7,0,0
68,王敏5,22,女,13900000068,8,0,0
69,冯强6,23,男,13900000069,9,0,0
70,陈军7,24,女,13900000070,10,0,0
71,褚磊1,25,男,13900000071,11,0,0
72,卫雪2,26,女,13900000072,12,0,0
73,蒋博3,27,男,13900000073,13,0,0
74,沈倩4,28,女,13900000074,14,0,0
75,韩华5,29,男,13900000075,15,0,0
76,杨芳6,30,女,13900000076,16,0,0
77,朱洋7,31,男,13900000077,17,0,0
78,秦洁1,32,女,13900000078,18,0,0
79,尤凯2,33,男,13900000079,19,0,0
80,许莹3,34,女,13900000080,20,0,0
81,赵雷4,35,男,13900000081,1,0,0
82,钱静5,36,女,13900000082,2,0,0
83,孙娜6,37,男,13900000083,3,0,0
84,李婷7,38,女,13900000084,4,0,0
85,周晨1,39,男,13900000085,5,0,0
86,吴欣2,40,女,13900000086,6,0,0
87,郑辉3,41,男,13900000087,7,0,0
88,王敏4,42,女,13900000088,8,0,0
89,冯强5,43,男,13900000089,9,0,0
90,陈军6,44,女,13900000090,10,0,0
91,褚磊7,45,男,13900000091,11,0,0
92,卫雪1,46,女,13900000092,12,0,0
93,蒋博2,47,男,13900000093,13,0,0
94,沈倩3,48,女,13900000094,14,0,0
95,韩华4,49,男,13900000095,15,0,0
96,杨芳5,50,女,13900000096,16,0,0
97,朱洋6,51,男,13900000097,17,0,0
98,秦洁7,52,女,13900000098,18,0,0
99,尤凯1,53,男,13900000099,19,0,0
100,许莹2,54,女,13900000100,20,0,0
101,赵雷3,55,男,13900000101,1,0,0
102,钱静4,56,女,13900000102,2,0,0
103,孙娜5,57,男,13900000103,3,0,0
104,李婷6,58,女,13900000104,4,0,0
105,周晨7,59,男,13900000105,5,0,0
106,吴欣1,60,女,13900000106,6,0,0
107,郑辉2,61,男,13900000107,7,0,0
108,王敏3,62,女,13900000108,8,0,0
109,冯强4,63,男,13900000109,9,0,0
110,陈军5,64,女,13900000110,10,0,0
111,褚磊6,65,男,13900000111,11,0,0
112,卫雪7,66,女,13900000112,12,0,0
113,蒋博1,67,男,13900000113,13,0,0
114,沈倩2,68,女,13900000114,14,0,0
115,韩华3,69,男,13900000115,15,0,0
116,杨芳4,70,女,13900000116,16,0,0
117,朱洋5,71,男,13900000117,17,0,0
118,秦洁6,72,女,13900000118,18,0,0
119,尤凯7,73,男,13900000119,19,0,0
120,许莹1,74,女,13900000120,20,0,0
